Green-zone value of going 2-for-1: 0.258 pts (SE 0.052)
Cost of shooting too early: 0.201 pts

== Points left on the table per season (3-season average) ==
 rank team_tricode go_rate too_early_rate pts_left_pass pts_left_early
    1          T28    0.85           0.36          3.44           3.96
    2          T26    0.80           0.28          4.56           2.89
    3          T24    0.81           0.32          4.47           3.42
    4          T11    0.76           0.31          5.25           3.09
    5          T04    0.81           0.38          4.47           4.23
    6          T05    0.75           0.31          5.59           3.22
    7          T25    0.72           0.34          6.02           2.95
    8          T17    0.66           0.28          6.88           2.35
    9          T20    0.65           0.20          7.74           1.95
   10          T19    0.72           0.32          6.45           3.29
   11          T30    0.71           0.28          7.05           2.95
   12          T18    0.72           0.34          6.71           3.56
   13          T22    0.62           0.28          8.00           2.28
   14          T02    0.74           0.40          6.19           4.16
   15          T12    0.72           0.30          7.14           3.22
   16          T15    0.73           0.34          6.88           3.69
   17          T14    0.63           0.30          8.17           2.75
   18          T07    0.61           0.24          8.86           2.21
   19          T21    0.64           0.33          8.25           3.02
   20          T10    0.66           0.35          8.00           3.42
   21          T23    0.60           0.30          8.94           2.48
   22          T06    0.67           0.37          7.74           3.76
   23          T09    0.59           0.25          9.46           2.21
   24          T16    0.65           0.35          8.25           3.42
   25          T08    0.62           0.28          9.11           2.62
   26          T13    0.59           0.31          9.20           2.68
   27          T27    0.56           0.36          9.89           2.89
   28          T01    0.50           0.29         11.18           2.08
   29          T29    0.50           0.24         11.95           2.01
   30          T03    0.41           0.29         12.98           1.88
 pts_left_per_season wins_left_per_season
                7.40                 0.25
                7.44                 0.25
                7.89                 0.26
                8.33                 0.28
                8.70                 0.29
                8.81                 0.29
                8.97                 0.30
                9.23                 0.31
                9.68                 0.32
                9.74                 0.32
               10.00                 0.33
               10.26                 0.34
               10.28                 0.34
               10.35                 0.35
               10.36                 0.35
               10.57                 0.35
               10.92                 0.36
               11.07                 0.37
               11.27                 0.38
               11.42                 0.38
               11.43                 0.38
               11.50                 0.38
               11.67                 0.39
               11.68                 0.39
               11.73                 0.39
               11.88                 0.40
               12.77                 0.43
               13.26                 0.44
               13.97                 0.47
               14.86                 0.50

Median team: 10.5 pts/season | best-to-worst gap: 7.5 pts = 0.25 wins/season
